3982	6803
0	1	
0	2	
0	3	
4	5	
4	6	
4	7	
8	9	
8	10	
8	11	
8	12	
8	13	
8	14	
8	15	
8	16	
8	17	
8	18	
19	20	
21	22	
23	24	
23	25	
23	26	
23	27	
23	28	
29	30	
31	32	
31	33	
31	34	
35	36	
35	37	
38	39	
40	41	
40	42	
43	44	
43	45	
43	46	
47	36	
47	48	
47	49	
47	50	
47	51	
47	52	
47	53	
47	54	
47	55	
47	37	
47	56	
47	57	
47	58	
47	59	
60	61	
60	62	
63	64	
65	66	
67	68	
69	30	
70	71	
72	73	
74	75	
74	76	
74	77	
74	78	
74	79	
74	80	
74	81	
74	82	
74	83	
74	84	
74	85	
86	87	
86	88	
89	90	
89	91	
92	93	
92	94	
95	96	
97	98	
99	100	
99	101	
102	103	
104	105	
104	106	
107	108	
109	110	
109	111	
112	113	
114	115	
116	6	
117	118	
117	119	
120	6	
121	122	
123	124	
125	126	
125	127	
128	129	
130	76	
130	131	
130	132	
130	133	
130	134	
130	135	
130	136	
130	137	
130	138	
130	139	
130	73	
140	141	
142	143	
142	144	
145	146	
145	147	
145	148	
145	149	
145	106	
150	151	
150	152	
150	153	
150	154	
150	155	
150	156	
157	10	
157	15	
158	159	
158	44	
158	160	
161	25	
161	26	
161	27	
162	6	
163	164	
163	165	
166	167	
168	169	
168	10	
168	170	
168	171	
168	11	
168	172	
168	173	
168	174	
168	175	
168	176	
177	178	
177	179	
180	181	
182	183	
182	184	
182	185	
182	186	
182	187	
182	188	
182	189	
182	20	
182	190	
182	191	
192	193	
194	195	
194	196	
194	197	
198	199	
200	201	
202	203	
202	204	
202	201	
202	205	
202	206	
202	207	
202	208	
209	64	
209	210	
211	129	
212	213	
214	215	
216	217	
216	218	
216	219	
220	221	
222	223	
224	143	
225	226	
225	227	
228	229	
228	76	
228	230	
228	231	
9	232	
9	233	
9	234	
9	184	
9	235	
9	236	
9	237	
9	238	
9	34	
9	239	
9	240	
9	20	
241	242	
241	243	
244	169	
245	10	
245	246	
245	247	
248	249	
250	251	
252	253	
252	243	
254	255	
254	256	
254	257	
254	258	
259	243	
259	61	
87	260	
87	261	
87	262	
87	263	
87	264	
87	265	
87	266	
87	267	
87	268	
87	269	
87	270	
87	271	
87	88	
87	272	
87	273	
87	274	
87	275	
41	276	
41	277	
41	278	
41	279	
41	280	
41	281	
41	282	
41	283	
41	284	
41	285	
41	286	
41	287	
41	288	
41	289	
41	290	
41	96	
41	291	
41	292	
41	293	
41	294	
41	295	
41	296	
41	297	
41	298	
41	299	
41	300	
41	301	
41	302	
41	303	
41	304	
41	42	
305	306	
305	307	
308	309	
255	256	
255	257	
255	258	
310	311	
310	312	
310	103	
313	169	
314	315	
316	10	
316	317	
316	318	
316	319	
316	320	
321	322	
321	323	
66	324	
66	76	
66	325	
66	326	
66	327	
66	328	
66	329	
66	330	
66	331	
66	332	
66	333	
334	335	
334	336	
334	337	
334	338	
339	340	
339	152	
339	307	
339	341	
342	343	
342	110	
344	345	
346	76	
346	326	
346	347	
346	348	
346	349	
346	243	
346	350	
346	351	
346	352	
346	353	
354	249	
354	355	
356	357	
356	358	
356	359	
360	361	
360	362	
363	364	
363	365	
363	366	
363	10	
363	367	
363	368	
363	11	
363	369	
363	173	
363	370	
363	371	
372	373	
374	375	
374	280	
374	376	
374	377	
374	378	
374	379	
374	380	
381	382	
381	383	
384	385	
384	386	
384	387	
384	388	
389	390	
389	391	
389	392	
389	393	
389	394	
389	395	
396	33	
68	397	
68	398	
68	399	
68	400	
68	401	
68	402	
68	403	
404	405	
404	406	
407	408	
409	410	
409	411	
412	10	
412	413	
414	143	
415	416	
417	418	
417	419	
417	420	
417	421	
422	423	
422	424	
425	20	
426	427	
428	429	
428	430	
428	431	
428	432	
428	433	
428	434	
435	436	
437	438	
437	439	
440	441	
440	442	
443	444	
443	445	
446	10	
447	448	
447	449	
447	450	
447	451	
452	453	
452	454	
452	448	
452	455	
452	449	
452	450	
108	456	
108	457	
108	458	
108	459	
108	460	
108	461	
108	462	
108	463	
108	464	
108	465	
108	466	
108	467	
108	468	
108	469	
108	470	
108	471	
108	472	
108	473	
108	474	
108	475	
108	476	
108	477	
108	478	
108	479	
108	480	
108	481	
108	482	
108	483	
108	484	
108	485	
108	486	
108	487	
108	488	
489	490	
489	491	
489	492	
493	494	
493	495	
493	496	
493	497	
498	499	
498	500	
498	501	
502	391	
503	3	
504	505	
504	506	
504	507	
504	91	
504	508	
504	213	
504	509	
510	511	
512	513	
514	33	
515	516	
515	517	
515	197	
518	10	
518	519	
518	368	
518	520	
518	234	
518	521	
518	14	
518	235	
518	236	
518	190	
518	522	
518	523	
456	476	
524	3	
525	526	
527	528	
529	530	
529	531	
529	126	
529	532	
529	533	
534	391	
534	535	
534	536	
534	394	
537	538	
537	539	
537	540	
537	541	
537	542	
537	543	
544	499	
544	545	
544	546	
544	547	
548	549	
548	221	
550	10	
550	262	
551	552	
551	553	
551	554	
551	39	
555	556	
555	557	
555	558	
559	178	
560	178	
560	561	
562	124	
562	563	
564	565	
564	61	
375	566	
375	567	
375	280	
375	568	
375	376	
375	377	
375	569	
375	570	
375	571	
375	378	
375	572	
375	573	
375	574	
375	575	
375	576	
375	380	
375	577	
578	579	
578	580	
578	581	
578	582	
578	583	
584	10	
494	174	
494	585	
494	497	
586	587	
588	439	
589	590	
589	591	
256	257	
256	258	
592	554	
593	441	
593	594	
260	271	
595	10	
595	413	
595	596	
595	597	
595	387	
598	167	
599	600	
601	423	
601	602	
603	129	
604	444	
605	179	
605	606	
607	151	
607	152	
607	608	
607	156	
609	610	
611	258	
203	204	
203	201	
203	205	
203	207	
203	208	
612	261	
612	613	
612	614	
612	411	
615	264	
615	616	
615	106	
617	618	
579	619	
579	581	
579	582	
579	583	
620	25	
621	323	
622	623	
624	416	
624	625	
159	44	
159	626	
159	160	
627	628	
627	629	
627	538	
627	630	
631	193	
453	632	
453	633	
453	634	
453	635	
636	556	
637	632	
638	44	
638	160	
639	640	
639	591	
641	642	
641	553	
641	554	
641	39	
641	643	
641	644	
24	645	
24	646	
24	647	
24	25	
24	648	
24	649	
24	650	
24	651	
24	27	
652	623	
652	653	
654	129	
566	378	
655	169	
656	223	
657	658	
657	659	
657	454	
657	660	
657	661	
657	450	
657	662	
657	663	
664	610	
665	666	
665	667	
665	668	
665	669	
665	141	
670	538	
670	671	
670	672	
670	673	
670	674	
670	675	
676	359	
676	677	
678	679	
678	122	
680	33	
681	682	
681	683	
684	685	
686	687	
686	688	
689	690	
689	691	
692	10	
692	693	
694	249	
695	696	
695	251	
697	698	
697	699	
700	701	
700	143	
702	703	
702	704	
702	705	
702	382	
702	383	
706	707	
708	709	
710	711	
712	713	
712	714	
715	115	
716	717	
716	718	
716	719	
716	720	
716	721	
716	722	
716	723	
716	724	
716	725	
726	727	
726	728	
729	418	
729	730	
731	732	
731	733	
731	25	
734	735	
735	736	
735	737	
735	738	
735	739	
735	740	
735	741	
735	742	
735	743	
735	744	
735	745	
735	746	
735	747	
735	748	
735	749	
735	750	
735	751	
752	685	
752	753	
752	474	
754	610	
754	755	
756	497	
757	758	
759	760	
759	101	
761	249	
762	763	
762	764	
762	765	
762	766	
762	767	
762	768	
762	769	
762	770	
762	771	
772	773	
632	774	
632	775	
632	776	
632	633	
632	610	
632	634	
632	777	
632	635	
632	401	
632	778	
632	779	
632	780	
632	781	
632	782	
632	783	
632	784	
785	508	
786	436	
787	788	
787	789	
790	791	
790	792	
790	793	
790	794	
790	795	
790	796	
790	797	
790	798	
790	799	
790	800	
790	801	
790	802	
803	119	
803	804	
803	805	
803	806	
807	808	
807	809	
807	558	
810	106	
811	812	
811	813	
814	815	
814	816	
817	818	
819	820	
821	822	
821	141	
823	824	
823	825	
823	826	
823	827	
828	129	
829	820	
830	831	
830	492	
832	833	
832	98	
832	834	
204	201	
204	835	
204	658	
204	205	
204	836	
204	206	
204	207	
204	208	
837	143	
838	839	
840	841	
840	600	
842	843	
844	64	
457	462	
457	468	
457	473	
457	477	
457	478	
457	487	
845	25	
845	648	
846	165	
847	221	
848	661	
849	850	
849	851	
849	445	
849	852	
853	73	
854	698	
855	856	
857	858	
859	860	
859	861	
859	309	
862	863	
862	864	
862	386	
862	388	
865	866	
867	119	
429	430	
429	868	
429	869	
429	870	
429	871	
429	872	
873	874	
875	430	
875	876	
877	687	
878	879	
878	880	
878	881	
878	882	
878	139	
883	884	
883	885	
883	141	
886	887	
886	888	
889	890	
891	610	
891	892	
893	894	
893	895	
893	896	
893	870	
897	610	
898	899	
898	336	
898	900	
901	902	
901	903	
904	905	
904	906	
907	110	
908	10	
908	909	
910	538	
910	911	
912	913	
912	914	
912	445	
628	629	
628	538	
628	630	
915	916	
915	917	
915	918	
919	920	
921	922	
923	364	
923	10	
923	924	
923	925	
923	152	
923	926	
923	927	
923	928	
923	16	
923	238	
923	929	
923	930	
931	336	
932	813	
933	64	
934	249	
934	935	
936	937	
938	439	
939	538	
939	368	
939	940	
939	941	
732	645	
732	646	
732	942	
732	943	
732	649	
732	944	
732	651	
732	945	
946	947	
948	193	
949	950	
949	215	
698	951	
698	952	
698	953	
698	954	
698	955	
698	956	
698	957	
698	958	
698	959	
698	960	
698	961	
698	962	
698	963	
698	964	
698	965	
698	966	
698	967	
698	968	
698	56	
698	969	
698	699	
698	970	
698	971	
698	972	
973	789	
974	505	
975	610	
201	976	
201	977	
201	978	
201	658	
201	205	
201	979	
201	980	
201	981	
201	982	
201	983	
201	336	
201	984	
201	985	
201	986	
201	836	
201	987	
201	988	
201	989	
201	206	
201	990	
201	207	
201	208	
201	991	
201	992	
201	993	
201	994	
201	995	
201	996	
201	997	
201	998	
201	999	
201	1000	
195	835	
195	119	
195	804	
195	1001	
1002	445	
1003	1004	
1003	1005	
1006	1007	
1006	1008	
1009	430	
1010	1011	
1010	421	
950	215	
1012	1013	
1012	64	
505	1014	
505	1015	
505	110	
505	91	
505	6	
505	1016	
505	1017	
505	1018	
505	1019	
1020	64	
1021	1022	
1021	143	
902	903	
1023	1024	
1023	1025	
1023	411	
1026	197	
736	737	
736	739	
736	742	
736	746	
736	750	
1027	623	
146	147	
146	1028	
146	148	
146	149	
146	106	
146	1029	
1030	73	
1031	223	
1031	1032	
1033	1034	
1033	1035	
1036	10	
1037	1038	
1037	1039	
1037	439	
1040	1041	
1042	96	
1043	1044	
1043	439	
1045	1046	
1045	944	
1045	945	
1047	1048	
1047	1049	
952	953	
952	964	
1050	1051	
1050	1052	
1050	492	
1053	1054	
1053	119	
1055	1056	
1055	1057	
1055	1058	
1059	405	
1059	406	
1060	1061	
1060	1062	
1060	623	
1060	1063	
1060	1064	
1065	1046	
1065	943	
1065	1066	
1065	944	
1065	945	
1067	126	
1068	993	
890	1069	
890	1070	
890	336	
890	1071	
890	1072	
890	1073	
890	1074	
890	1075	
890	1076	
890	1077	
1078	1079	
1080	1081	
1080	1082	
1080	1083	
1080	1084	
1085	888	
1086	91	
1086	1087	
1088	20	
1089	1090	
1089	61	
1091	1092	
1091	73	
1093	1094	
1093	1095	
1093	882	
1096	1097	
1096	1098	
1099	98	
1100	758	
1101	1007	
1	2	
1	3	
1102	178	
1102	1103	
1102	1104	
1102	1105	
1102	1106	
1102	1107	
1108	221	
1109	1015	
1109	1110	
1111	1112	
1111	727	
1113	1114	
1113	1115	
1113	1116	
1113	1117	
1113	497	
1118	1119	
1120	418	
1120	1121	
1120	1122	
1120	1123	
1120	1124	
1120	1125	
1120	1126	
1120	1127	
1120	826	
1120	1128	
1120	1129	
1130	587	
1131	178	
687	1132	
687	1133	
687	688	
687	1134	
687	1135	
687	1136	
687	1137	
687	1138	
687	1139	
687	1140	
687	1141	
687	1142	
1143	1144	
1145	815	
1146	1147	
1146	1148	
1146	492	
1149	1150	
1149	1151	
1152	90	
1153	1154	
1153	326	
1155	556	
1155	1156	
1155	1157	
1155	1158	
1155	1159	
1155	1160	
1155	1161	
1162	820	
1162	1163	
1162	1164	
1165	199	
1165	1166	
841	1167	
841	1168	
841	411	
841	1169	
1170	1171	
1172	75	
364	1173	
364	413	
364	13	
364	1174	
364	1175	
364	1171	
364	1176	
364	238	
364	370	
364	196	
364	1177	
1178	884	
1178	1147	
1178	278	
1178	1179	
1178	1180	
1178	1181	
1178	492	
1182	856	
1182	1004	
1183	10	
1183	625	
1183	238	
365	1184	
365	530	
365	368	
365	11	
365	247	
365	1185	
365	1186	
365	1187	
365	1176	
365	625	
365	17	
365	1188	
365	1189	
365	492	
365	1190	
1191	1192	
1191	441	
1193	1194	
1193	1171	
1193	1195	
1196	1197	
1196	10	
1196	1198	
1196	1199	
1196	1200	
1196	173	
1196	1177	
1201	600	
1202	1203	
1202	1204	
1038	1205	
1038	1039	
1038	1206	
1038	439	
1207	1208	
1209	357	
1209	359	
1209	1210	
1211	10	
1212	416	
1213	1015	
1213	1214	
1213	1215	
1216	1217	
1216	1119	
1216	1218	
1219	1220	
169	682	
169	1221	
169	1222	
169	1223	
169	1224	
169	1225	
169	1226	
169	1227	
169	1228	
169	1229	
169	1230	
169	401	
169	1231	
169	1232	
169	1233	
169	1234	
169	1235	
169	1236	
169	1237	
169	1238	
169	1239	
169	1240	
169	1241	
169	1242	
169	892	
169	929	
169	1243	
169	1244	
169	1245	
169	258	
169	1246	
169	1247	
169	1248	
169	1249	
1250	1251	
1250	1252	
1250	1253	
366	199	
366	1254	
1255	193	
1255	1256	
1255	1257	
1258	124	
1258	1259	
1260	10	
1260	1261	
1260	388	
850	1262	
850	445	
1263	323	
410	1168	
410	411	
410	882	
1264	1265	
1264	1266	
1264	61	
1267	1268	
1267	98	
1269	1270	
1269	165	
1271	323	
1272	1273	
1272	1274	
1272	1275	
1272	1203	
1272	1276	
1272	441	
1272	1277	
1278	249	
1279	448	
1279	1280	
884	141	
1022	143	
1281	406	
1282	1283	
1282	1284	
1282	843	
737	742	
737	746	
737	750	
1285	1286	
1285	1287	
1285	903	
1285	1288	
1285	1289	
1290	61	
1291	1292	
1291	813	
1293	106	
1294	1171	
1295	1296	
1295	1297	
1295	1298	
1295	197	
1299	143	
1300	1301	
1300	1302	
1303	1304	
1197	118	
1197	1305	
1197	1306	
1197	661	
183	12	
183	1307	
183	233	
183	1308	
183	184	
183	14	
183	237	
183	1309	
183	1310	
183	20	
183	191	
1311	1312	
1313	1314	
1313	1315	
1313	971	
1316	1144	
1317	10	
1317	1318	
619	580	
619	581	
619	582	
619	583	
1319	1320	
1319	1321	
1319	1322	
1319	1323	
1319	1324	
1319	826	
1319	1325	
1319	1326	
1319	1327	
1319	1328	
1319	1329	
1330	538	
1331	1332	
1331	556	
75	76	
75	1333	
75	326	
75	1334	
75	1335	
75	1336	
75	1337	
75	1338	
75	1339	
75	1340	
75	139	
1341	1079	
1342	590	
1342	1343	
1342	591	
1342	1344	
1342	1345	
1346	343	
1346	110	
1347	1348	
1347	1349	
1347	1283	
1347	1350	
1351	1352	
1353	1354	
1353	111	
1355	1356	
1355	1357	
1355	1358	
1355	1359	
1355	1360	
1361	1362	
1361	1018	
1363	613	
1363	1364	
1363	1365	
1366	10	
1367	1368	
1367	1369	
1367	1205	
1367	1370	
1367	1039	
1367	1371	
1367	1372	
1367	1206	
1367	439	
1373	1374	
1373	98	
1375	1376	
1375	753	
1375	661	
1061	623	
1061	1063	
1377	110	
1273	1274	
1273	1378	
1273	1379	
1273	1087	
1380	858	
1380	1381	
1380	1382	
1383	10	
1384	430	
1385	549	
1385	1386	
1385	299	
1387	1388	
1387	1389	
1390	391	
1391	377	
1392	232	
1392	246	
1392	1393	
1392	11	
1392	1187	
1392	625	
1392	173	
1392	34	
1392	1394	
1392	1395	
1392	492	
1396	802	
1397	1398	
1397	827	
1399	738	
1400	1401	
1400	727	
1402	1403	
1404	1405	
1404	623	
1404	1406	
1404	1407	
1408	10	
1409	1410	
1409	767	
1409	1411	
1409	1057	
1412	232	
1412	530	
1412	1413	
1412	126	
1412	521	
1412	1414	
1412	1415	
1412	175	
1412	1416	
1412	522	
1417	511	
1417	408	
1418	143	
1419	1420	
1419	581	
1421	1422	
1421	1423	
1421	1424	
1425	661	
1426	866	
1427	1428	
1427	1429	
1427	1430	
1427	1431	
1427	1432	
1427	1433	
1427	1434	
1427	661	
1427	1435	
1427	1436	
1427	1437	
1438	309	
1438	1439	
1440	606	
1441	1222	
1441	1442	
1441	1270	
1441	6	
1441	1443	
1444	1445	
738	10	
738	1014	
738	1446	
738	1447	
738	25	
738	1448	
738	3	
738	1449	
738	1450	
820	1451	
820	1452	
820	1453	
820	1454	
820	1455	
820	1456	
820	1457	
820	1458	
820	1459	
820	1460	
820	1461	
820	1462	
820	226	
820	1463	
820	1464	
820	1064	
820	1465	
820	1164	
820	1466	
820	1467	
820	1468	
1469	1403	
1470	1471	
1470	1472	
1470	1357	
1473	1474	
1475	1476	
1477	1478	
1477	1448	
1479	101	
1480	98	
1481	1482	
1483	1356	
1483	1357	
1483	1484	
1485	1486	
1485	591	
1485	1487	
1485	1344	
1485	1345	
1488	1489	
1488	165	
1490	1491	
1490	1492	
1490	1482	
682	1493	
682	1494	
682	1495	
682	1496	
682	683	
682	1497	
682	1498	
682	401	
682	1499	
682	1297	
682	1500	
682	1501	
682	1502	
682	1503	
682	1504	
682	1505	
682	1506	
1301	1507	
1301	1508	
1301	1024	
1301	1509	
1301	1510	
1301	1476	
1301	1511	
1301	1512	
1301	1513	
1301	1514	
1301	1515	
1301	1516	
1301	1517	
1301	1518	
1301	1519	
1301	1520	
1301	1181	
1301	1521	
1522	48	
1522	49	
1522	1523	
1522	1524	
1522	1525	
1522	1526	
1522	1527	
1522	1528	
1522	1529	
1522	53	
1522	1530	
1531	1532	
1531	1533	
1534	1535	
1534	1476	
1534	1536	
1534	1537	
1534	1538	
1539	1540	
1368	1541	
1368	1542	
1368	1543	
1368	1544	
1368	1545	
1368	1546	
1547	10	
1547	1548	
1547	11	
1547	1549	
1547	1550	
1551	411	
629	538	
629	673	
629	630	
1552	1553	
1554	538	
1555	2	
1555	3	
1556	10	
1557	707	
1558	232	
1558	10	
1558	246	
1558	1190	
1559	136	
1560	1561	
1560	1562	
1560	264	
1560	1563	
1560	1564	
1560	1565	
1566	1376	
1566	119	
1567	124	
1568	1569	
1568	1014	
1570	1571	
1570	492	
1570	1572	
1573	25	
1574	193	
1575	809	
1575	1576	
1577	1578	
1577	1579	
1580	445	
1581	178	
1582	590	
1582	591	
1583	920	
1584	1171	
232	10	
232	317	
232	1585	
232	530	
232	1413	
232	368	
232	11	
232	1586	
232	1307	
232	1587	
232	520	
232	1588	
232	1174	
232	126	
232	521	
232	184	
232	14	
232	1589	
232	1590	
232	625	
232	237	
232	187	
232	238	
232	1591	
232	17	
232	1163	
232	34	
232	1592	
232	1593	
232	175	
232	1189	
232	492	
232	1594	
232	1416	
232	522	
232	523	
232	1190	
232	1572	
1595	1596	
1595	1597	
430	1598	
430	868	
430	876	
430	1599	
430	1600	
430	431	
430	1601	
430	336	
430	1602	
430	1603	
430	1604	
430	869	
430	1605	
430	871	
430	1606	
430	1607	
430	1180	
430	1608	
430	1609	
430	1610	
430	1611	
430	1612	
430	1613	
430	1614	
430	1615	
937	858	
937	826	
937	1616	
1617	221	
1618	1619	
1618	303	
1620	623	
1621	1622	
1621	1623	
1624	307	
1625	10	
1625	1315	
1626	1627	
1628	1629	
1628	1630	
1631	758	
1632	20	
1632	1633	
1634	1635	
1636	401	
1637	143	
1638	416	
1638	368	
1638	1639	
1638	1414	
1638	1364	
1638	173	
1638	238	
1640	411	
1641	249	
1642	10	
1642	1643	
1296	1579	
1296	73	
1644	610	
1645	1423	
1645	1646	
1645	1647	
1648	10	
1648	1649	
1648	235	
1648	1650	
1651	1652	
1651	98	
1653	64	
1654	773	
1655	10	
567	378	
1656	1657	
1658	133	
690	1659	
690	1660	
690	1661	
690	1662	
690	1663	
690	691	
690	1403	
1664	815	
1665	1666	
1665	110	
1667	1668	
1667	1669	
1667	197	
851	1670	
851	1671	
851	133	
1672	858	
1672	1673	
1672	1674	
1672	1675	
1672	1382	
1676	1677	
1676	129	
696	251	
1678	1304	
193	1679	
193	1680	
193	538	
193	1681	
193	1682	
193	1683	
193	1684	
193	1685	
193	1686	
193	1687	
193	1688	
193	1689	
193	1690	
193	1691	
193	469	
193	1692	
193	1693	
193	1694	
193	1695	
193	1696	
193	1257	
193	1697	
193	1698	
193	1699	
193	1700	
193	1701	
193	1210	
1702	1703	
1702	508	
1702	1704	
1702	1705	
1702	1706	
1707	178	
1708	10	
1708	1709	
1710	1711	
1710	1712	
1710	713	
1713	1714	
1713	391	
1713	1715	
1713	1716	
1717	815	
1717	513	
1679	1699	
1718	251	
1718	1719	
1720	1357	
1721	623	
1147	1722	
1147	431	
1147	1180	
1147	872	
1147	1723	
1147	175	
1147	492	
1147	320	
340	1724	
340	341	
1452	1453	
1725	126	
1725	1114	
1725	1726	
1714	391	
322	323	
322	1727	
1728	866	
1728	1729	
1728	1730	
1728	1731	
1728	1623	
1728	1732	
1733	1734	
1733	1735	
1736	1445	
1736	1737	
1736	1738	
1739	1740	
1741	1742	
1743	1405	
774	776	
774	633	
774	635	
774	779	
774	783	
1744	1205	
1744	1745	
1744	438	
1744	1746	
1744	1747	
1744	1748	
1744	439	
1749	1750	
1749	1751	
1749	1752	
1749	826	
1753	388	
1754	1755	
1754	1756	
1754	920	
1754	1757	
1758	10	
1758	1759	
1760	48	
1761	408	
1762	1014	
1762	1763	
1762	1764	
1762	1765	
1762	1094	
1762	1766	
1762	1767	
1762	1532	
1762	1314	
1762	554	
1762	39	
1762	1768	
1762	1769	
1762	1770	
1762	1771	
1762	1772	
1762	1773	
954	1774	
1775	141	
1776	1199	
1776	661	
1777	223	
1777	1778	
1777	1779	
1777	1780	
1781	1782	
685	1783	
685	926	
685	1784	
685	1785	
685	1786	
685	1787	
685	1788	
685	989	
685	448	
685	1789	
685	1790	
685	56	
685	1791	
685	1792	
565	1090	
565	61	
645	25	
645	649	
645	650	
645	651	
1793	391	
1793	536	
1793	1794	
1793	1795	
1796	110	
1797	590	
1797	1343	
1797	591	
1797	1345	
1798	217	
1799	1800	
1799	1016	
1799	1801	
1802	1553	
1802	1803	
1802	1804	
1805	129	
1806	1807	
1806	1808	
1806	1809	
1007	1810	
1007	1811	
1007	1812	
1007	1813	
1007	326	
1007	1814	
1007	1815	
1007	1816	
1007	1008	
1007	1817	
10	1818	
10	1819	
10	1820	
10	1821	
10	1548	
10	1822	
10	1823	
10	1824	
10	1825	
10	1826	
10	246	
10	1173	
10	1184	
10	1827	
10	1828	
10	1829	
10	1830	
10	1831	
10	1832	
10	519	
10	1759	
10	368	
10	1833	
10	1834	
10	1318	
10	1835	
10	1836	
10	318	
10	1649	
10	1586	
10	1837	
10	1838	
10	413	
10	1839	
10	1840	
10	1841	
10	1842	
10	1587	
10	1843	
10	1844	
10	1845	
10	1846	
10	1847	
10	247	
10	1848	
10	1588	
10	1422	
10	1849	
10	1850	
10	1851	
10	13	
10	1174	
10	1852	
10	1853	
10	1854	
10	1376	
10	1855	
10	432	
10	1856	
10	1549	
10	1198	
10	1857	
10	1192	
10	1185	
10	1858	
10	1859	
10	1860	
10	521	
10	1861	
10	693	
10	1862	
10	1863	
10	1864	
10	1865	
10	1866	
10	1867	
10	1414	
10	653	
10	1868	
10	1869	
10	1870	
10	1186	
10	1871	
10	1872	
10	1643	
10	186	
10	1199	
10	1873	
10	1874	
10	1875	
10	1876	
10	1261	
10	753	
10	760	
10	1877	
10	15	
10	1176	
10	625	
10	909	
10	1878	
10	1550	
10	16	
10	1879	
10	1880	
10	1881	
10	1882	
10	661	
10	1883	
10	370	
10	1884	
10	1885	
10	1886	
10	1887	
10	1888	
10	1889	
10	1890	
10	17	
10	1891	
10	1177	
10	1892	
10	319	
10	1893	
10	1774	
10	1894	
10	1895	
10	1896	
10	1897	
10	1898	
10	1899	
10	1900	
10	1901	
10	1188	
10	1902	
10	1903	
10	1904	
10	1905	
10	320	
10	1906	
10	1907	
10	176	
10	1908	
10	662	
10	1909	
10	522	
10	1650	
10	1910	
10	1911	
10	434	
10	1912	
10	1913	
10	930	
10	1914	
10	1190	
10	1572	
1915	1916	
1915	1917	
1915	1918	
1915	1565	
922	1919	
922	1920	
922	1379	
922	1921	
922	1922	
1923	1924	
44	1925	
44	1926	
44	1927	
44	626	
44	45	
44	160	
44	1928	
44	1929	
44	1930	
44	1931	
44	1932	
44	1933	
44	1104	
44	1934	
44	1935	
44	1936	
44	61	
1937	1056	
1937	1938	
1937	1939	
1937	1057	
1937	1058	
1940	727	
1941	727	
1942	215	
170	172	
170	492	
170	176	
1943	448	
1943	449	
1818	1944	
1818	1945	
1818	176	
1946	1119	
1946	1297	
1947	373	
1947	1948	
1947	238	
1949	1950	
1949	141	
1951	110	
1952	3	
1953	1954	
1955	1956	
1957	661	
1958	129	
791	797	
791	800	
1959	1960	
1959	1961	
1962	115	
1962	1963	
1962	1964	
390	1965	
390	391	
390	394	
1966	178	
1966	1095	
924	925	
924	249	
924	519	
924	926	
924	1967	
924	927	
924	16	
924	1890	
924	1180	
924	1968	
1969	64	
1969	1970	
1971	610	
1972	1423	
1973	1974	
1973	1975	
1976	110	
1977	411	
1978	1979	
1980	1981	
1980	1982	
1980	237	
1980	20	
1980	190	
1983	1984	
1983	1565	
1820	1985	
1986	129	
1987	492	
1987	1988	
1989	538	
1989	994	
1990	610	
229	230	
229	1991	
1046	943	
1046	944	
1046	945	
1046	1992	
1014	1993	
1014	499	
1014	1476	
1014	401	
1014	91	
1014	469	
1014	1994	
1014	1104	
1014	826	
1014	1019	
1014	1995	
1014	1087	
1014	56	
1014	1996	
1014	1403	
76	249	
76	815	
76	1540	
76	326	
76	215	
76	1553	
76	727	
76	1997	
76	1924	
76	1956	
76	1998	
76	329	
76	618	
76	243	
76	839	
76	1365	
76	513	
76	138	
76	103	
76	139	
76	165	
1999	1445	
1999	2000	
2001	199	
2002	610	
2003	2004	
2003	2005	
2003	73	
2006	110	
2006	2007	
2006	2008	
2006	2009	
2006	2010	
947	2011	
947	2012	
947	491	
947	2013	
947	2014	
947	2015	
947	2016	
947	2017	
2018	610	
717	721	
717	722	
2019	178	
2019	2020	
2019	2021	
2019	2022	
2019	561	
2019	2023	
2019	2024	
2025	2026	
2025	2027	
2025	2028	
2025	1565	
2029	110	
2029	2030	
2031	610	
2031	2032	
2033	326	
2034	423	
646	25	
646	650	
2035	1629	
2035	2036	
2037	511	
1619	2038	
1619	2039	
1619	2040	
1619	2041	
1619	2042	
1619	2043	
2044	126	
2045	913	
2046	661	
2046	455	
2047	499	
2047	2048	
942	25	
2049	1011	
2050	2051	
2052	25	
2052	2053	
2054	2055	
2054	2056	
2054	54	
2054	2057	
2058	126	
2059	46	
858	2060	
858	1381	
858	1673	
858	826	
858	2061	
858	2062	
858	1674	
858	1675	
858	1382	
2063	2064	
2063	1298	
2063	2065	
2066	727	
2067	1220	
2067	596	
2067	2068	
1251	2069	
1251	1252	
1251	2070	
1251	2071	
1251	2072	
1251	758	
1251	2028	
1251	1253	
2073	73	
2074	2051	
2075	2076	
2075	126	
2075	1904	
2075	1572	
2077	215	
1217	1119	
1217	1218	
1217	2078	
2079	2080	
2079	2081	
2079	411	
2079	2082	
311	312	
311	103	
1410	767	
1410	1411	
1362	1018	
1041	2083	
1041	557	
1041	2084	
1041	2085	
1041	1104	
1041	1918	
1041	2086	
1041	1179	
1041	2087	
2088	2089	
2090	129	
2091	1220	
1486	591	
317	530	
317	126	
317	625	
317	2092	
317	238	
317	2093	
317	1327	
2094	2095	
2094	492	
2096	2097	
2096	2098	
955	1588	
2099	444	
1821	1548	
1821	15	
1821	1189	
866	264	
866	2100	
866	1729	
866	2101	
866	2102	
866	2103	
866	2104	
866	2105	
866	2106	
866	2107	
866	2108	
866	2109	
866	2110	
866	2111	
866	2112	
866	2113	
866	2114	
866	1623	
866	2115	
866	2116	
2117	2097	
775	2118	
1629	2119	
1629	2120	
1629	1476	
1629	2121	
1629	2122	
1629	2123	
1629	2124	
1629	1630	
1629	2125	
1629	2036	
1629	2126	
1629	2127	
1629	2128	
1629	127	
2129	1388	
2130	237	
2130	20	
2131	110	
2132	2133	
2134	2135	
2134	2136	
2134	106	
2137	610	
2137	11	
2138	388	
2139	309	
1252	1253	
278	285	
2140	1343	
2140	591	
2141	46	
2142	129	
2142	2143	
2142	174	
2142	1968	
2144	2145	
2144	2146	
2144	2147	
2144	826	
2144	2148	
2144	2149	
2150	2151	
1585	1588	
1585	197	
1585	2152	
1763	553	
1763	39	
1763	1772	
1442	1998	
1442	2153	
261	275	
2154	249	
2155	249	
763	764	
763	2156	
763	765	
763	766	
763	767	
763	1411	
763	771	
2157	587	
2158	839	
1703	143	
1703	2159	
2160	411	
2026	2161	
2026	2162	
2026	1916	
2026	1565	
459	475	
459	476	
2163	2164	
2163	2165	
2163	2166	
2163	401	
2163	2167	
2163	2168	
2163	2169	
2163	2170	
2163	2171	
2163	1416	
2172	1734	
2173	1979	
2174	773	
1709	1565	
2175	251	
1548	11	
1548	1850	
1548	1549	
1548	1187	
1048	1049	
2176	2177	
2176	2178	
2176	406	
2179	1540	
1812	1814	
2180	1553	
2118	423	
1925	2181	
1764	2182	
1764	2183	
2184	115	
1822	2185	
1822	2186	
367	2187	
367	2188	
367	25	
1453	1464	
2189	2190	
2189	1018	
1666	110	
2191	427	
2191	596	
2191	2192	
2191	1706	
2193	411	
2193	2194	
2195	2065	
2196	122	
1926	1931	
1926	1933	
1926	1934	
2197	2198	
2197	707	
2197	2199	
2200	326	
2200	2201	
2202	1423	
2203	711	
36	37	
1262	445	
925	16	
925	492	
2204	2205	
2204	661	
2204	2206	
2204	299	
2207	2208	
2209	1134	
2027	2210	
2027	2211	
2212	2213	
2212	2214	
2212	606	
2215	94	
1332	556	
48	2216	
48	49	
48	1524	
48	1525	
48	1527	
48	1528	
48	1529	
48	54	
48	37	
48	56	
48	1530	
48	2217	
1150	1151	
1150	2218	
1150	2219	
1150	1379	
1150	2220	
1150	2221	
2222	1208	
2223	2224	
2223	2225	
2223	2042	
2223	2043	
2226	122	
2227	286	
2227	448	
249	2228	
249	2229	
249	2230	
249	2231	
249	2232	
249	2233	
249	2234	
249	2235	
249	2236	
249	2237	
249	1231	
249	164	
249	2238	
249	2239	
249	355	
249	185	
249	2240	
249	2241	
249	2242	
249	2243	
249	2244	
249	2245	
249	2246	
249	2247	
249	2248	
249	2249	
249	2250	
249	2251	
249	2252	
249	935	
249	2253	
249	2254	
249	2255	
2256	54	
2257	1018	
2258	2259	
2258	3	
2260	1578	
2260	2261	
2119	2123	
2119	2036	
2119	2128	
2262	115	
2263	119	
2263	272	
887	2264	
887	888	
373	2265	
373	2266	
373	144	
373	2267	
373	2268	
373	2269	
373	1948	
373	1016	
373	2270	
373	2271	
373	2272	
373	2273	
373	2274	
373	2275	
373	2276	
373	2277	
373	2278	
2279	2280	
2279	2281	
2279	33	
2279	1181	
2282	1365	
516	2283	
516	197	
2284	2285	
2284	538	
2284	911	
2284	2286	
2287	610	
246	2288	
246	1550	
246	173	
246	476	
246	1395	
246	371	
246	1327	
246	2289	
2290	2291	
2290	2292	
2290	152	
776	633	
776	635	
776	779	
776	783	
2293	2294	
2293	508	
2293	2295	
2293	2296	
2297	110	
2228	1489	
1173	413	
1173	2298	
1173	238	
1173	1315	
2299	141	
2299	2300	
2301	2208	
1274	1379	
1274	2302	
1274	773	
1274	2303	
1274	2304	
1274	1975	
1049	499	
1049	2305	
1049	2306	
1049	2307	
1049	1489	
1049	2098	
2308	2309	
2291	2310	
2291	2311	
2291	492	
2312	141	
2313	132	
2314	2315	
2314	33	
2316	2317	
2316	2318	
2319	1107	
2229	2320	
416	2321	
416	2322	
416	368	
416	2323	
416	1639	
416	602	
416	2324	
416	2288	
416	2325	
416	2326	
416	2327	
416	1016	
416	2328	
416	2329	
416	2330	
416	1395	
416	1593	
416	2331	
416	2289	
416	2332	
178	1420	
178	2333	
178	2334	
178	2335	
178	2020	
178	2336	
178	2337	
178	2021	
178	2338	
178	2022	
178	2339	
178	1104	
178	2340	
178	1105	
178	2341	
178	561	
178	2342	
178	98	
178	2343	
178	2344	
178	2023	
178	1106	
178	2024	
343	411	
343	1181	
2345	2346	
2345	6	
45	1931	
45	1266	
45	46	
1184	2347	
1184	175	
1184	2348	
2349	129	
171	2083	
171	2292	
171	2350	
171	1859	
171	2351	
171	1433	
171	186	
171	2352	
171	238	
171	661	
171	2353	
171	1592	
171	1705	
171	175	
171	2354	
171	1908	
171	662	
1828	1187	
1828	625	
1828	2355	
1828	1908	
2356	223	
2357	33	
1393	1833	
1393	1365	
1420	580	
1420	581	
1420	582	
1508	1516	
2358	616	
2358	106	
2359	221	
2360	2361	
2360	91	
2360	1017	
2362	2363	
2362	2364	
2362	2365	
2366	2051	
2367	64	
2368	113	
1657	1993	
1657	2369	
1657	2370	
2371	2372	
2371	2373	
2371	126	
2371	2374	
2371	1900	
2371	1902	
2375	2151	
2375	2376	
2375	2377	
2378	94	
1369	2379	
1369	2380	
1369	1371	
1369	2381	
1369	2382	
1369	2383	
1369	2384	
1369	1206	
2385	2386	
2385	197	
2387	1965	
2387	391	
2387	2388	
2387	395	
764	2156	
764	765	
764	766	
764	767	
764	771	
2389	119	
423	2390	
423	424	
423	2391	
423	401	
423	2392	
423	2393	
423	2394	
2395	2177	
2395	2396	
2395	406	
2397	506	
2398	143	
2399	989	
2399	448	
2399	1791	
461	462	
461	468	
461	478	
2216	2400	
2216	2401	
2216	37	
2402	1376	
2402	1233	
2402	119	
2402	2403	
2402	2404	
2405	2406	
2405	2407	
2405	2408	
2405	2409	
2405	2410	
2411	1998	
2412	1788	
2412	813	
2413	727	
2414	1119	
2415	2416	
2415	2417	
2415	497	
2418	625	
2418	1365	
2285	129	
1830	1922	
2419	2	
2419	3	
815	2420	
815	2421	
815	2422	
815	2423	
815	2424	
815	2425	
815	2426	
815	2427	
815	2428	
815	2429	
815	513	
815	2430	
815	2431	
815	2432	
815	2433	
815	816	
815	2434	
2435	2436	
2435	2437	
2435	2438	
2435	2439	
2440	1011	
2440	2441	
2442	587	
2443	119	
2443	929	
1765	1314	
956	965	
2444	2445	
2444	2446	
2444	1544	
2444	2447	
1097	1098	
2448	106	
2448	1029	
2449	143	
2449	2450	
2449	2451	
1013	2452	
1013	64	
1013	2453	
2454	143	
49	1523	
49	2400	
49	1524	
49	1525	
49	1526	
49	1528	
49	1529	
49	53	
49	37	
49	1530	
2455	243	
1446	2456	
1446	2457	
1446	2458	
1446	2459	
1446	2460	
2461	1807	
2452	223	
1478	1448	
2462	2463	
2462	3	
2462	2464	
530	1413	
530	2076	
530	2465	
530	2466	
530	126	
530	1592	
530	175	
530	2093	
530	1572	
2467	2133	
2468	499	
2469	2470	
1993	2471	
1993	2472	
1993	2473	
1993	382	
2474	1119	
2475	511	
2476	497	
538	2477	
538	2478	
538	911	
538	2479	
538	671	
538	2480	
538	467	
538	672	
538	2481	
538	469	
538	2482	
538	2483	
538	940	
538	2484	
538	2485	
538	673	
538	2486	
538	2487	
538	2488	
538	2489	
538	2352	
538	2490	
538	674	
538	630	
538	2491	
538	2492	
538	675	
538	2493	
538	2494	
538	2495	
538	2496	
538	2497	
538	1148	
538	2498	
538	2499	
538	2500	
538	2286	
538	2501	
2502	122	
2503	143	
2504	141	
2505	1677	
2505	2506	
2505	143	
2505	2507	
2505	2451	
2505	369	
2505	753	
2505	2508	
2509	1565	
1598	1607	
2363	2365	
2510	388	
499	2133	
499	141	
2511	101	
2321	2289	
2512	22	
2513	906	
2514	2515	
2514	2450	
2514	2516	
2514	2133	
1491	1482	
1491	2517	
1491	558	
642	554	
642	2518	
1509	1515	
2519	2520	
2519	98	
2294	508	
2521	557	
2522	33	
2523	2524	
2525	1661	
2526	2527	
2526	1423	
1510	1515	
2528	307	
2528	2529	
2528	769	
2528	770	
519	2530	
519	1901	
2531	506	
2532	2055	
2532	2056	
2532	54	
2532	2057	
2230	2239	
2533	2534	
2533	411	
943	944	
943	945	
2535	25	
701	143	
1413	126	
1413	521	
1413	1414	
1413	1589	
1413	1590	
1413	1415	
1413	175	
1413	1416	
2536	197	
2537	33	
1759	1834	
1759	2495	
2538	920	
2539	2540	
2539	616	
2541	98	
2542	218	
2542	1087	
2542	2543	
2544	2133	
2322	1639	
2545	6	
978	205	
978	987	
978	206	
978	1000	
2546	388	
885	141	
1034	1035	
2309	1476	
1445	2000	
1445	1737	
1445	2547	
1445	2548	
1445	2549	
1445	401	
1445	2550	
1445	1738	
1015	71	
1015	91	
1015	2551	
1015	2552	
539	368	
539	1430	
539	1187	
539	1176	
539	831	
539	661	
2406	2408	
2406	2409	
1476	345	
1476	1734	
1476	2553	
1476	126	
1476	2554	
1476	1740	
1476	813	
1476	33	
1476	526	
1476	2555	
1476	492	
1476	497	
1540	2556	
1540	2557	
1540	2558	
1540	2559	
1205	2560	
1205	1745	
1205	1039	
1205	438	
1205	1748	
1205	439	
2561	1107	
1471	1472	
1471	1357	
1471	1484	
2562	33	
368	11	
368	1834	
368	1639	
368	1854	
368	960	
368	1857	
368	236	
368	1414	
368	1432	
368	186	
368	187	
368	2352	
368	238	
368	661	
368	1180	
368	2563	
368	1898	
368	1904	
368	1190	
2564	727	
2564	2565	
2564	2566	
2564	2567	
2564	2568	
2564	2569	
549	1386	
610	2570	
610	2571	
610	2572	
610	2573	
610	755	
610	2574	
610	2575	
610	2576	
610	401	
610	2577	
610	2578	
610	2032	
610	2579	
610	2580	
610	2581	
610	2582	
610	2583	
610	2584	
610	2585	
610	2586	
610	2587	
610	2588	
610	2589	
610	2590	
610	2591	
610	2592	
610	2593	
610	2594	
610	2595	
610	2596	
610	2597	
610	2598	
610	2599	
610	2600	
610	59	
2601	197	
2601	2602	
2603	2604	
2603	826	
2605	1578	
2606	773	
2606	2607	
2608	1318	
2608	918	
2609	2610	
2609	167	
1405	264	
1405	1406	
2611	661	
2612	3	
2613	1208	
2614	2555	
2615	1482	
2616	1011	
2617	2618	
2617	2619	
2617	2620	
2617	2621	
2617	46	
11	2323	
11	1587	
11	1849	
11	1854	
11	1549	
11	521	
11	1589	
11	173	
11	34	
11	1395	
11	371	
11	1900	
11	492	
11	320	
1523	1529	
1523	56	
1523	1530	
2622	556	
1659	691	
2623	2579	
2623	492	
2624	388	
2625	944	
2323	1589	
2323	928	
2323	1593	
2626	98	
2627	587	
2627	663	
2218	2221	
899	2628	
1834	320	
2629	1448	
2630	623	
2630	2631	
1220	596	
1220	2632	
1220	2068	
1220	56	
2633	221	
1428	661	
1428	1437	
2463	2634	
2463	3	
868	1600	
868	432	
868	871	
868	1888	
868	872	
868	1615	
223	1032	
223	863	
223	2635	
223	336	
223	2636	
223	2637	
223	2638	
223	2639	
223	2640	
223	2641	
223	2642	
223	2643	
223	2644	
2645	2646	
2645	2647	
2645	106	
2372	2648	
2372	126	
2649	94	
1318	1838	
1318	753	
1318	1176	
1318	1900	
2650	115	
2208	2651	
2208	2652	
2208	2653	
2208	2654	
2208	2655	
2208	2656	
2657	2658	
2657	661	
1835	1849	
1835	1850	
1835	13	
2659	1119	
1194	1588	
1194	2660	
1194	1171	
1194	1195	
2661	2662	
2661	2663	
2661	448	
2661	2664	
2400	1525	
2400	1526	
2400	53	
2400	37	
2665	136	
2666	2667	
1807	2668	
1807	2669	
1807	2080	
1807	1808	
1807	2670	
1807	1809	
1807	2671	
1807	2017	
1807	2672	
2213	2214	
2213	606	
613	476	
613	1116	
613	1365	
613	882	
2673	1287	
2673	903	
2674	152	
2675	2133	
2676	243	
418	419	
418	1121	
418	2677	
418	1122	
418	2678	
418	2679	
418	1126	
418	2680	
418	730	
418	2681	
418	420	
418	826	
418	421	
2145	2146	
2145	2682	
2145	2147	
1561	1565	
2683	359	
2684	591	
2685	2346	
2685	2686	
2685	411	
916	411	
2687	132	
2688	197	
1062	419	
1062	623	
1062	421	
326	436	
326	2689	
326	2151	
326	2690	
326	2365	
326	2691	
326	138	
326	918	
326	2043	
326	139	
326	165	
326	2692	
2693	126	
2694	98	
2695	91	
2696	3	
640	590	
640	591	
2697	2698	
2699	1304	
2700	1082	
2701	913	
2701	914	
2702	370	
2702	888	
2702	2013	
913	264	
913	914	
913	2703	
913	445	
913	2704	
913	2705	
2706	874	
556	1156	
556	2707	
556	2708	
556	1157	
556	1158	
556	1159	
556	1160	
556	2709	
556	1161	
2710	411	
2711	119	
2711	2712	
1349	558	
2713	1511	
2713	1386	
2713	2714	
2187	25	
2390	424	
2715	1627	
2716	411	
894	870	
2717	1956	
2718	647	
2718	25	
552	554	
666	668	
666	669	
666	141	
2719	221	
318	1842	
318	780	
318	17	
318	320	
2436	2437	
2436	2438	
2436	2439	
361	362	
580	581	
580	2720	
580	582	
580	583	
1649	17	
2721	2147	
280	377	
280	391	
280	315	
280	2071	
280	96	
280	2722	
1586	238	
1586	1579	
2723	1171	
2724	497	
2725	64	
2726	73	
444	2727	
444	264	
444	2728	
444	2729	
444	2730	
444	2731	
444	2732	
444	2733	
444	861	
444	2734	
444	2735	
444	2736	
444	2737	
444	445	
2738	1782	
2739	511	
115	2740	
115	2741	
115	2742	
115	2743	
115	2744	
115	2745	
115	1963	
115	2746	
115	2124	
115	542	
115	2747	
115	2748	
115	2749	
115	2750	
115	2317	
115	2751	
115	2752	
115	2753	
115	2754	
1622	1623	
2755	2756	
2755	1365	
1639	1854	
1639	2288	
1639	1414	
1639	2328	
1639	173	
1639	2329	
1639	1415	
1639	1180	
1639	1395	
1639	1905	
1639	2289	
1639	2757	
2758	2759	
2760	152	
2760	608	
2760	2761	
2760	155	
2762	124	
1536	2763	
1536	2764	
1536	1890	
1536	2765	
2766	623	
2767	124	
1677	1429	
1677	143	
1677	2298	
1677	2451	
1677	2508	
1682	1684	
2768	143	
2769	2553	
12	234	
12	521	
12	1589	
12	237	
12	1310	
12	20	
12	190	
12	523	
2770	2771	
2770	2772	
2770	2773	
2770	2774	
2770	2775	
2770	2776	
2770	2777	
2770	2778	
2770	2779	
2780	2781	
2780	623	
2780	1407	
895	235	
895	870	
895	1590	
895	522	
2782	1449	
2783	25	
2784	1365	
1838	247	
413	247	
413	238	
413	1892	
413	930	
2785	2786	
2785	1171	
1307	1174	
1307	2346	
1307	1308	
1307	184	
1307	2787	
1307	14	
1307	1186	
1307	1309	
1307	17	
1307	1189	
1307	492	
1307	1904	
1307	930	
2788	558	
2789	1357	
1119	2790	
1119	2791	
1119	336	
1119	2792	
1119	2793	
1119	2794	
1119	1218	
1119	2078	
1119	2795	
1119	2796	
1119	585	
1119	2797	
1119	2192	
1119	2712	
2798	391	
1981	2799	
1981	233	
1981	2800	
1981	237	
1981	2801	
1981	20	
2802	126	
2292	683	
2292	51	
2292	2803	
2292	660	
2292	2804	
2292	661	
2292	2283	
2292	1435	
2292	450	
2292	451	
2292	2805	
2292	662	
2292	2030	
215	2806	
215	2807	
215	2808	
215	2809	
215	2810	
215	1365	
2811	20	
2812	2517	
2813	1423	
2813	1647	
2814	218	
833	98	
151	152	
151	1025	
151	2815	
151	153	
151	608	
151	154	
151	155	
151	156	
151	2816	
2817	73	
2818	1722	
2818	2714	
2818	2310	
2818	492	
2373	2466	
2373	126	
2373	2819	
2373	2820	
2821	336	
2821	2822	
2823	309	
2824	1171	
2824	1195	
2824	2825	
2826	526	
818	401	
2727	2350	
2727	2734	
553	1532	
553	554	
553	39	
553	2827	
2198	2828	
2198	1652	
2198	98	
2829	870	
2830	870	
2830	2831	
2832	143	
2833	221	
1208	864	
1208	2834	
1208	1082	
1208	2835	
1208	2836	
1208	2837	
1208	2838	
1208	2839	
2840	110	
2763	110	
2841	391	
2842	1623	
2843	124	
2844	511	
2165	2171	
2845	616	
2846	243	
462	468	
462	473	
462	478	
462	487	
2847	64	
1286	903	
1286	1288	
1286	1289	
1286	2848	
2849	20	
1352	2850	
1352	2851	
1352	2852	
1352	2853	
1352	1544	
1839	238	
1839	1900	
257	258	
2854	758	
671	675	
2855	813	
835	119	
835	2856	
2857	6	
2857	2858	
2859	773	
2095	2860	
2095	235	
2095	236	
2095	2861	
2095	20	
2095	190	
2860	20	
658	129	
658	2862	
658	996	
2863	119	
2864	509	
2865	307	
2865	2866	
2867	789	
2868	2051	
2121	960	
2121	2124	
2121	1630	
2869	1448	
2869	2870	
2869	2871	
600	2872	
600	1596	
2333	98	
2156	765	
2156	766	
2156	767	
2156	771	
2873	64	
2874	1434	
2874	661	
129	2875	
129	2876	
129	265	
129	2416	
129	2877	
129	1967	
129	336	
129	2878	
129	2879	
129	2880	
129	2881	
129	2882	
129	2883	
129	2143	
129	2884	
129	2885	
129	2886	
129	2887	
129	2888	
129	2889	
129	2890	
129	2891	
129	2892	
129	2893	
129	2894	
129	2895	
129	2896	
129	2186	
129	2353	
129	1315	
129	2897	
129	2898	
129	2899	
129	2900	
129	2901	
129	2347	
129	2902	
129	2903	
129	2904	
129	2905	
129	2906	
129	1968	
720	2543	
2166	2171	
2907	2698	
590	1343	
590	591	
590	1487	
590	1344	
1685	2908	
2909	993	
1032	2637	
1032	2639	
1032	2642	
2910	98	
2911	1532	
152	659	
152	2912	
152	1025	
152	2913	
152	2815	
152	2914	
152	336	
152	153	
152	2915	
152	1114	
152	2916	
152	2403	
152	608	
152	927	
152	2917	
152	2918	
152	2919	
152	2920	
152	154	
152	338	
152	155	
152	2921	
152	2922	
152	2923	
152	156	
152	2816	
152	2924	
152	2925	
2926	509	
1079	2927	
1079	2351	
1079	2928	
1079	2929	
1079	2930	
1079	2931	
1079	2932	
1079	1360	
2933	1365	
2934	64	
1553	2935	
1553	2936	
1553	1305	
1553	2937	
1553	1804	
1553	2938	
1737	370	
1661	2939	
1661	2940	
1661	1403	
2941	1134	
1841	1897	
659	119	
659	882	
2942	508	
2756	1365	
2943	141	
2944	2759	
2945	508	
2946	526	
2947	492	
2948	401	
2949	2950	
2949	2951	
721	722	
1203	2952	
1203	2953	
1203	2954	
1203	2955	
2956	2957	
2956	2958	
2956	661	
2741	2748	
1670	2959	
1670	2960	
463	2275	
463	434	
2961	439	
419	420	
419	421	
419	2962	
1256	1171	
64	2963	
64	2964	
64	2965	
64	2966	
64	2453	
64	2967	
64	2968	
64	2969	
64	1970	
64	401	
64	2970	
64	2971	
64	2972	
64	906	
64	2973	
64	2974	
64	2975	
64	2976	
64	2977	
64	2978	
64	2979	
1587	1588	
1587	1856	
1587	1185	
1587	14	
1587	238	
1587	1900	
2980	2799	
2980	233	
2980	1982	
2980	18	
2980	1592	
2980	20	
2980	175	
2981	101	
2982	1724	
2982	2983	
376	377	
376	1135	
376	378	
376	572	
2875	2903	
2875	2984	
2985	888	
2986	2987	
2076	126	
2076	1904	
2076	1572	
520	234	
520	235	
520	236	
520	2239	
520	32	
520	237	
520	2988	
520	1592	
520	240	
520	20	
520	1189	
520	1416	
520	522	
2989	110	
1429	2350	
1429	2990	
1429	661	
1284	843	
2122	127	
2350	2991	
2350	1970	
2350	2628	
2350	2992	
2350	1414	
2350	1869	
2350	661	
2350	2353	
2350	1908	
2420	2786	
2420	513	
242	960	
242	243	
2993	1474	
1778	1780	
1778	101	
2994	141	
1571	492	
205	206	
205	207	
205	208	
2465	126	
2465	370	
2465	2192	
2995	235	
2995	236	
2995	20	
1844	1870	
1844	20	
2996	1011	
2996	2441	
147	149	
147	106	
1144	1082	
1144	2997	
1846	1877	
2799	1860	
2799	237	
2799	1310	
2799	20	
2799	2866	
2998	323	
264	2210	
264	623	
264	1423	
264	2999	
264	3000	
264	3001	
264	3002	
264	3003	
264	3004	
264	2383	
264	616	
264	3005	
264	3006	
264	1565	
264	3007	
264	1623	
264	445	
264	106	
264	558	
264	439	
3008	903	
3008	1288	
3009	94	
3010	101	
118	119	
118	3011	
1011	2211	
1011	3012	
1011	3013	
1011	2441	
1011	3014	
1011	3015	
1011	3016	
1011	826	
1011	511	
1011	3017	
2334	2336	
2334	2340	
2437	2438	
2437	2439	
2437	1016	
2437	3018	
3019	436	
3019	126	
3019	930	
1524	1525	
1524	1526	
1524	1527	
1524	1529	
1524	53	
1524	54	
1524	1530	
3020	526	
3021	199	
247	1589	
247	1550	
634	635	
634	779	
634	783	
5	492	
3022	1365	
2935	3023	
345	3024	
2936	2938	
3025	391	
3025	3026	
3027	1924	
557	1204	
3028	2524	
3029	3030	
3029	197	
3031	1565	
3031	3032	
1265	3033	
1265	1266	
1265	1090	
1265	1936	
1265	61	
124	563	
124	3034	
124	3035	
124	3036	
124	3037	
124	3038	
124	3039	
124	826	
124	3040	
124	3041	
124	3042	
124	3043	
124	3044	
124	3045	
124	3046	
124	1259	
1287	903	
50	3047	
50	1529	
3048	528	
3049	2543	
3050	73	
1121	1122	
1121	1126	
3051	3	
2662	448	
3052	110	
3052	960	
3052	2787	
2540	616	
1454	3053	
3054	3055	
3054	511	
1588	1856	
1588	521	
1588	14	
1588	2482	
1588	1590	
1588	187	
1588	173	
1588	238	
1588	17	
1588	1593	
1588	1190	
3056	758	
3057	101	
2070	2028	
1268	3058	
1268	3059	
1268	98	
1268	3060	
3061	1171	
1686	275	
1686	59	
1779	661	
1430	1187	
1430	1176	
1430	661	
3062	3063	
3062	141	
3064	2097	
3064	454	
3064	660	
3064	2283	
3064	3065	
3064	450	
3064	451	
3064	663	
3066	1171	
2259	3	
2259	1450	
2386	197	
1028	1982	
1028	3067	
1028	20	
1028	1029	
3068	20	
3069	3070	
3069	3071	
3069	3	
824	1306	
824	2404	
2548	1738	
3072	1724	
679	122	
3073	3074	
3073	773	
3073	3075	
3076	2527	
3076	1423	
3077	1082	
3077	920	
3077	210	
3077	558	
3077	3078	
1849	1850	
1849	13	
1849	1876	
1849	173	
1849	370	
1849	1900	
1849	176	
160	3079	
1343	591	
1343	1344	
1343	3080	
1343	1345	
3081	3082	
3081	3083	
1965	391	
1965	535	
1965	3084	
1112	727	
3085	554	
3086	528	
251	2071	
251	1719	
251	3087	
3088	469	
1495	3089	
1850	13	
1850	753	
1850	1892	
1850	1907	
3090	141	
2742	542	
2742	3091	
113	3092	
113	3093	
113	3094	
113	401	
113	3095	
113	3096	
113	3097	
2219	1378	
2219	3098	
1455	1466	
3099	1424	
3099	2017	
3099	3100	
703	382	
3101	713	
2055	2056	
2055	54	
2055	2057	
863	1001	
2335	1652	
2335	3102	
3103	1181	
3103	20	
3104	2051	
1722	2991	
1722	831	
1722	2310	
1722	2311	
1722	492	
1722	1904	
1722	3105	
1722	1988	
1722	3106	
979	2013	
3074	773	
3074	3075	
903	1288	
903	2775	
903	1289	
903	2848	
903	3107	
2020	2021	
2646	3108	
2646	2647	
2646	106	
2421	2428	
2421	816	
2421	2434	
2421	2098	
3109	1565	
591	3110	
591	3111	
591	3112	
591	1487	
591	1016	
591	3113	
591	3114	
591	3115	
591	1344	
591	3080	
591	3116	
591	1345	
436	3117	
436	3118	
436	3119	
436	3120	
436	3121	
2480	630	
1156	1159	
2534	563	
2534	411	
3122	508	
2188	25	
2188	448	
3123	623	
3124	388	
1766	1532	
1766	1314	
1766	3125	
1766	1770	
1766	1771	
1766	3126	
3127	110	
3127	2549	
1386	3128	
1386	3129	
1386	56	
1386	3130	
3131	513	
3132	96	
3132	451	
3132	1416	
3132	3133	
2407	2409	
110	3134	
110	3135	
110	3136	
110	3137	
110	2764	
110	3138	
110	2007	
110	2787	
110	2008	
110	3139	
110	111	
110	3140	
110	3141	
110	3142	
110	3143	
110	2009	
110	3144	
110	3145	
110	3146	
110	2010	
110	3147	
110	3148	
110	3149	
110	3150	
110	3151	
110	3152	
110	3153	
896	236	
896	1604	
896	870	
896	239	
3154	2554	
3154	3155	
3156	492	
3092	1808	
2466	126	
3157	1643	
3157	238	
3157	94	
3157	1188	
3157	1189	
3157	1572	
3158	391	
3158	1195	
3159	197	
1734	3160	
1734	3161	
1734	2803	
1734	3162	
1734	3163	
1734	1735	
1378	3164	
1378	22	
1378	1379	
3165	1360	
13	16	
13	370	
3166	808	
3167	2133	
377	378	
377	572	
377	3168	
377	3067	
377	380	
3169	221	
3170	362	
3171	2698	
323	1727	
323	3172	
323	401	
323	3173	
323	3174	
323	3175	
323	3176	
323	3177	
323	3178	
1025	338	
1025	2816	
1025	2924	
3179	143	
506	3180	
506	3181	
506	3182	
1174	238	
1174	370	
1174	17	
1174	3183	
1174	1189	
1174	930	
3184	411	
1767	1532	
1767	1771	
1767	1772	
233	3185	
233	20	
233	2030	
3186	197	
926	16	
926	1890	
3187	2303	
3188	1171	
3189	839	
1944	1945	
1944	492	
3190	2133	
3191	1018	
3192	126	
3192	3193	
3192	2124	
3192	127	
3192	3194	
3192	486	
3195	709	
3196	20	
3197	141	
3198	309	
3199	445	
1054	2352	
1054	2353	
1054	411	
3200	126	
1600	432	
1431	1433	
1431	661	
1431	1435	
1431	3201	
1852	1697	
1276	2954	
265	3202	
1056	1057	
683	1887	
683	1506	
980	993	
357	358	
357	359	
3203	98	
3204	2582	
2515	491	
2515	411	
2515	338	
1784	1788	
2336	2338	
2336	2340	
2264	888	
3205	1565	
3205	3206	
3207	623	
2288	173	
2288	1395	
2288	2289	
3058	3208	
3058	98	
755	2585	
755	2599	
3209	141	
1401	727	
1401	2565	
1401	2569	
1401	728	
3210	3211	
3212	3213	
3212	1627	
71	3214	
3215	3216	
3215	773	
3217	243	
3218	25	
1376	2098	
2648	126	
3219	1979	
3220	808	
3221	492	
3222	3003	
3223	22	
531	126	
531	3224	
531	3225	
531	127	
635	779	
635	783	
3226	1171	
2438	2439	
3227	1314	
3228	3229	
391	1092	
391	535	
391	2764	
391	3230	
391	3231	
391	3232	
391	2388	
391	392	
391	928	
391	3233	
391	393	
391	3234	
391	536	
391	3235	
391	3236	
391	3237	
391	3238	
391	3239	
391	3084	
391	1950	
391	3240	
391	394	
391	3241	
391	3242	
391	3243	
391	3244	
391	395	
391	3245	
391	3246	
391	3247	
391	3248	
391	1716	
391	3249	
391	3250	
431	434	
2914	608	
3251	167	
315	3252	
315	3253	
315	3254	
315	3255	
3256	2999	
3257	2097	
3257	3258	
3257	3259	
3257	3260	
2553	2404	
3261	581	
3261	2341	
3261	3262	
2346	3263	
2346	411	
2346	1520	
3264	3	
1512	1668	
1512	1517	
1512	1519	
1512	3265	
3266	3267	
3266	3	
3268	33	
432	434	
1525	1526	
1525	3269	
1525	1528	
1525	1529	
1525	53	
1525	1530	
3270	119	
3271	6	
2667	3272	
2667	3273	
2667	3274	
2667	1544	
3275	221	
2959	401	
2959	2960	
3276	96	
2472	3277	
2472	3278	
2472	2280	
2472	2473	
2472	238	
2472	3279	
2472	3280	
3281	813	
3282	508	
3283	119	
3283	1001	
647	25	
647	2053	
2401	37	
2161	1565	
2161	802	
3284	2205	
3284	3229	
2506	2097	
2506	2451	
2506	3259	
2506	3260	
181	3285	
181	1016	
181	3286	
181	1960	
181	3287	
2743	1261	
2743	2747	
3288	2658	
3288	106	
3289	920	
2660	3290	
2660	1909	
2660	711	
143	3291	
143	2450	
143	3292	
143	2507	
143	3293	
143	2451	
143	3294	
143	369	
143	3295	
143	2516	
143	3296	
143	3297	
143	3298	
143	3299	
143	3082	
143	3300	
143	173	
143	3301	
143	2862	
143	329	
143	3302	
143	2159	
143	3303	
143	3304	
143	1991	
143	3305	
143	1095	
143	3229	
143	3306	
143	1706	
143	3307	
143	2508	
143	2984	
143	3308	
3309	139	
3310	1979	
306	307	
3311	20	
2234	2253	
3312	454	
3312	448	
3312	449	
3312	450	
1967	2897	
1967	1968	
3313	1449	
3314	165	
3315	6	
1092	3231	
3316	411	
3316	3317	
3316	3318	
3316	3319	
3320	711	
3321	61	
1635	401	
1856	1643	
1856	1416	
1856	1190	
3322	581	
3323	843	
3324	616	
3324	106	
3136	3095	
2453	874	
126	3325	
126	3326	
126	2819	
126	3327	
126	3224	
126	3026	
126	3328	
126	532	
126	3329	
126	3330	
126	433	
126	3331	
126	3332	
126	3333	
126	1163	
126	1726	
126	3334	
126	2374	
126	3225	
126	2820	
126	3335	
126	3336	
126	175	
126	1594	
126	127	
126	3194	
126	533	
733	25	
3337	2473	
3338	94	
3339	3	
3340	411	
3341	3342	
3341	319	
3341	492	
3341	2289	
1308	1309	
1308	20	
3343	33	
2527	1423	
2391	93	
3344	401	
3344	3345	
51	3346	
51	2563	
51	451	
51	662	
3347	445	
3348	122	
1919	2327	
3349	944	
3185	20	
3350	3278	
3350	54	
3351	411	
3352	141	
2210	3353	
2210	3354	
2210	3355	
2210	3356	
3357	707	
466	473	
466	481	
2021	2022	
2021	561	
2021	2342	
2021	2024	
30	336	
30	3358	
30	3359	
1549	1550	
1482	3360	
1082	3361	
1082	1370	
1082	856	
1082	944	
1082	1004	
1082	3362	
1082	3363	
1082	2065	
1082	1627	
1082	558	
1082	3364	
1082	439	
2957	661	
2957	1190	
3365	1579	
3365	3366	
3365	3367	
3365	73	
765	767	
765	1411	
765	771	
3211	336	
3211	185	
3368	93	
3368	139	
3369	101	
2714	2886	
2714	2892	
2714	2065	
983	208	
727	704	
727	2565	
727	2566	
727	3370	
727	3263	
727	3371	
727	3372	
727	2567	
727	2568	
727	3373	
727	2569	
727	1723	
727	3374	
727	728	
358	359	
3375	661	
3375	1435	
3376	3377	
3376	454	
3376	3378	
3376	448	
467	2698	
467	473	
2100	2101	
2470	401	
2211	2441	
3379	98	
3379	3380	
1542	1546	
3381	221	
336	1979	
336	843	
336	870	
336	3382	
336	218	
336	661	
336	3229	
336	993	
336	94	
336	1954	
336	3383	
336	711	
144	1901	
144	492	
144	1594	
860	94	
667	141	
1929	1931	
2298	359	
3384	1998	
3047	1529	
3047	37	
3385	25	
3385	1114	
3386	141	
3055	3387	
3055	511	
3388	1578	
3389	874	
25	648	
25	649	
25	3390	
25	3391	
25	650	
25	3023	
25	2053	
25	3392	
25	3393	
25	651	
25	3394	
25	3395	
25	3396	
25	3397	
25	26	
25	27	
25	3398	
25	28	
2991	831	
2991	661	
2991	2563	
2991	492	
2991	3106	
2450	2516	
3399	3400	
3399	802	
1175	554	
1175	196	
2224	3401	
2224	2225	
2224	3402	
2224	1964	
2224	3403	
2224	3404	
2224	2043	
2224	3405	
1270	3406	
1270	83	
1270	165	
3407	197	
2781	623	
2781	307	
2781	1407	
3408	509	
3292	3303	
153	155	
3409	3	
672	630	
122	2775	
3410	526	
3411	1057	
3412	96	
648	649	
648	650	
648	27	
3413	1035	
3414	526	
1602	872	
766	767	
2071	1724	
2071	3415	
2071	199	
2071	307	
2071	1742	
2071	758	
2071	1304	
2071	2722	
2071	606	
1755	1756	
1755	920	
1755	1757	
3416	141	
2267	2270	
2927	492	
2828	581	
2422	2428	
3417	3202	
3417	2310	
3417	492	
3089	3418	
3089	3	
843	3419	
3420	20	
3420	1594	
1185	238	
1185	370	
1185	1189	
1185	1190	
1472	1357	
1472	1484	
3421	3383	
3422	758	
1724	307	
1724	3423	
1724	3424	
1724	341	
614	1200	
614	411	
614	2192	
614	3425	
3426	133	
2012	3427	
2012	33	
3428	2682	
3428	2147	
1354	401	
1448	3429	
1448	2870	
1448	2376	
1448	3430	
1448	2871	
1448	3431	
3432	511	
2878	2887	
1668	33	
3433	888	
234	521	
234	184	
234	235	
234	236	
234	1395	
234	1310	
234	240	
234	20	
234	522	
234	523	
3434	3361	
3435	3436	
3435	1900	
3435	73	
3418	3	
3437	141	
3406	165	
3438	1565	
3439	1975	
3278	677	
1122	1126	
3440	197	
1970	1200	
3441	796	
3441	3442	
3441	3443	
3444	526	
3445	2555	
2764	3163	
2764	3250	
2554	2819	
2554	1589	
2554	3446	
2554	3447	
2554	523	
2554	2152	
2554	1735	
2554	3155	
521	1589	
521	17	
521	1593	
521	175	
521	1189	
521	522	
521	1190	
649	3390	
649	650	
649	3395	
649	28	
570	1462	
3448	401	
401	2097	
401	3449	
401	119	
401	2582	
401	906	
401	3450	
401	888	
401	2524	
401	388	
401	258	
3451	309	
2628	3452	
2628	661	
2628	2796	
3453	382	
2097	3454	
2097	3065	
2097	3258	
2097	3259	
2097	3260	
2064	1298	
2064	3455	
2064	3456	
2064	3457	
2064	2065	
581	2720	
581	2181	
581	1652	
581	582	
581	1104	
581	2341	
581	3458	
581	98	
581	583	
581	3262	
581	3102	
3459	226	
3459	3460	
3390	3395	
3035	1732	
1756	920	
1756	3461	
1756	1757	
1938	1057	
2915	608	
2915	2925	
184	236	
184	237	
184	187	
184	3427	
184	238	
184	1309	
184	1180	
184	1592	
184	20	
184	190	
184	175	
184	492	
184	523	
184	2765	
184	191	
3462	1403	
3463	427	
3464	661	
3464	1738	
3465	1954	
3466	221	
2451	2508	
767	1411	
767	771	
767	3467	
767	1057	
767	3468	
767	1360	
767	3469	
1114	608	
1114	2925	
3253	3254	
3253	3255	
1861	1186	
1861	3470	
1861	1903	
1861	2925	
3161	546	
3161	1735	
1671	1179	
1671	411	
1671	3318	
1671	882	
2101	2495	
285	292	
2102	1730	
3471	6	
3472	221	
3473	106	
2939	2940	
3230	3248	
1134	1135	
1134	3474	
286	2080	
286	3304	
1135	218	
1135	197	
2786	2804	
2786	33	
22	3475	
22	3476	
22	3477	
3478	1474	
2103	3479	
3480	6	
3480	1774	
1862	760	
1862	3481	
3482	101	
3391	650	
1780	101	
1456	1466	
1066	944	
2423	2432	
3483	141	
2560	438	
2560	1748	
2560	439	
3484	554	
3484	3485	
812	3486	
812	1578	
812	2261	
3487	758	
650	2053	
650	651	
650	3394	
650	28	
133	3488	
133	3489	
3490	944	
3490	3491	
2689	3492	
3493	20	
3494	445	
1232	473	
3193	661	
3193	1180	
1051	1187	
1051	625	
1051	3495	
1051	1415	
1051	1395	
1051	2355	
1051	2093	
1051	492	
1051	1988	
3496	388	
3497	136	
3497	3498	
1292	2039	
1292	813	
1292	448	
1292	449	
668	669	
668	141	
3499	98	
3500	3	
905	492	
3501	427	
90	3502	
90	3503	
3504	445	
2992	661	
2379	2380	
2379	2381	
2379	2382	
2379	2383	
2379	2384	
3505	438	
3505	439	
3506	2051	
3254	3255	
1740	3479	
1532	1314	
1532	3507	
1532	554	
1532	39	
1532	1768	
1532	3508	
1532	1771	
1532	1772	
1532	1533	
468	473	
468	478	
468	487	
1866	1870	
1930	1933	
2007	2008	
2007	2009	
2007	2010	
2007	3149	
2787	2008	
2787	2010	
287	304	
172	870	
172	176	
14	1261	
14	1309	
14	20	
14	101	
3208	98	
3208	3060	
3509	1643	
3509	1163	
3509	240	
3509	20	
3509	2765	
235	236	
235	1982	
235	32	
235	2988	
235	18	
235	1592	
235	20	
235	523	
236	1982	
236	32	
236	2801	
236	18	
236	1592	
236	1310	
236	20	
236	175	
236	523	
808	3510	
3511	141	
3512	993	
1604	872	
3513	388	
3513	995	
2610	167	
1306	3514	
1306	388	
91	1016	
91	1017	
91	3515	
91	1019	
91	1995	
91	1087	
91	1403	
1867	1177	
3516	623	
2565	2569	
2565	728	
3517	119	
3518	554	
1171	3519	
1171	3520	
1171	3521	
1171	3346	
1171	3522	
1171	3523	
1171	3524	
1171	1195	
1171	3525	
1171	1019	
1171	3526	
1171	3527	
1171	3528	
3529	6	
3530	20	
2351	1309	
3531	3532	
3531	1107	
1302	1237	
1302	1240	
1302	2051	
1302	59	
3533	98	
1711	713	
1711	3534	
623	3535	
623	2983	
623	1063	
623	3536	
623	3537	
623	3538	
623	3539	
623	1407	
623	3540	
623	2962	
623	3541	
623	3542	
623	3543	
623	2631	
623	3544	
3033	1266	
3033	1936	
3033	61	
2032	2599	
1414	186	
1414	2352	
1414	661	
1414	1415	
1423	1168	
1423	3545	
1423	3071	
1423	3546	
1423	1647	
1423	3547	
653	1590	
653	1537	
653	1180	
653	1907	
653	176	
3548	2302	
3415	3549	
3415	2722	
3550	661	
1745	1748	
1745	439	
3232	392	
3232	3084	
3232	394	
3551	94	
3112	369	
3552	1578	
2970	2972	
3553	856	
3553	1004	
3553	1005	
199	1254	
199	3554	
199	3555	
199	1166	
2190	382	
2987	1019	
307	3556	
307	2529	
307	768	
307	769	
307	3557	
307	770	
307	3558	
307	3559	
307	3560	
307	3561	
307	3562	
307	3358	
307	3563	
307	3564	
307	3565	
369	173	
369	3342	
369	3481	
369	2508	
3566	73	
3567	388	
3535	3536	
3535	3537	
3535	3540	
1314	39	
1314	1771	
119	3568	
119	3569	
119	3570	
119	804	
119	597	
119	3571	
119	2856	
119	805	
119	1443	
119	3572	
119	3318	
119	3573	
119	1001	
119	2434	
119	882	
469	713	
469	3574	
469	2698	
3575	3576	
1868	1882	
6	2858	
6	3577	
6	3578	
6	3579	
6	3580	
6	3581	
6	3582	
6	3583	
6	3584	
6	3585	
6	3586	
6	3587	
3588	197	
3030	3589	
3030	3590	
3030	197	
3012	2441	
3012	3141	
1432	238	
1432	661	
3591	388	
470	473	
1869	661	
1370	3592	
1370	1627	
1370	3593	
2881	2887	
1870	1871	
1870	3594	
1870	3329	
1870	1896	
3507	1533	
2819	127	
1379	1312	
1379	1782	
1379	2304	
874	3595	
874	3596	
874	826	
874	3597	
3452	661	
2424	816	
1589	928	
1589	187	
1589	175	
1589	522	
3598	3599	
3598	1565	
3556	2529	
3556	768	
3556	769	
3556	770	
3556	3560	
3600	221	
3600	3601	
1982	1310	
1982	20	
3602	197	
3377	448	
3603	1365	
2105	2115	
705	382	
705	2671	
705	383	
2168	2169	
3604	554	
3605	98	
1931	1934	
986	992	
986	998	
3606	406	
1652	98	
2169	2171	
2669	2671	
2582	906	
2582	3265	
2582	577	
217	3607	
217	3608	
217	3609	
3610	2618	
3610	2621	
3610	46	
3611	167	
2908	927	
2908	2013	
2908	2014	
2908	3229	
2908	662	
3612	362	
1186	1537	
1186	238	
1186	1189	
1186	1902	
856	3613	
856	1004	
856	3364	
1730	1388	
1730	3614	
1730	1731	
1730	3615	
2315	1591	
2315	33	
788	789	
2686	944	
3616	3	
3617	3229	
836	207	
836	2590	
2008	2009	
2008	2010	
2135	106	
3618	3003	
870	3619	
870	1590	
870	2831	
3620	3621	
3620	3622	
3623	2691	
796	528	
796	2722	
796	802	
3624	243	
3625	1057	
1742	309	
1742	2409	
1742	2722	
3626	388	
2803	3162	
1167	3627	
1167	3007	
582	583	
3628	2225	
2004	3629	
2004	2005	
2004	73	
1433	661	
1433	1435	
1433	1437	
221	3630	
221	2185	
221	3631	
221	3632	
221	3633	
221	3634	
221	3635	
221	3636	
221	3637	
221	2317	
221	3638	
221	3639	
221	1001	
221	3640	
2950	2951	
3641	3400	
3641	802	
3382	3642	
3382	3643	
3382	711	
2732	1218	
2658	253	
2658	3644	
2658	106	
2658	3645	
944	3646	
944	3647	
944	3491	
944	945	
944	1992	
944	3648	
944	2757	
1411	1057	
392	3084	
392	394	
392	395	
3079	46	
1871	1880	
1871	1892	
1459	1464	
3649	197	
2997	2712	
2022	2023	
963	969	
105	3650	
105	3644	
105	106	
2744	2753	
3651	3652	
3651	616	
1712	713	
1712	714	
2080	1808	
2679	421	
2529	768	
2529	769	
2529	770	
2529	3560	
2529	3358	
2529	3564	
1997	138	
1643	2886	
1643	1176	
1643	2205	
1643	238	
1643	3229	
1643	930	
490	492	
3653	427	
3654	888	
3655	661	
3655	2353	
3656	3657	
3656	3658	
3656	20	
2772	2778	
3400	802	
2225	1964	
2225	3659	
2225	2042	
2225	2043	
2484	630	
3660	408	
1039	1371	
1039	439	
3661	834	
3661	141	
186	1592	
3299	3300	
3662	2051	
2162	1565	
2884	2896	
3663	106	
3664	2133	
3589	197	
1590	1176	
1590	187	
1590	2352	
1590	433	
1590	1180	
1590	872	
1590	175	
1590	3105	
1590	1190	
3665	388	
3666	197	
3667	2065	
3668	20	
2403	3669	
2403	2836	
2403	882	
713	714	
713	3534	
3139	3147	
768	769	
768	770	
768	3560	
3670	509	
269	1968	
1199	3436	
1200	3263	
1200	411	
554	39	
554	643	
554	2518	
554	644	
554	3671	
554	3672	
554	3485	
554	3673	
3674	661	
3675	103	
987	208	
3676	96	
1487	1344	
2870	3431	
111	320	
3677	661	
3677	2354	
2281	888	
3678	20	
2999	3679	
2999	3680	
2999	3681	
1187	1176	
1187	1415	
1187	2355	
1187	2093	
1187	492	
2773	2777	
2170	2171	
3682	1565	
3682	3683	
769	770	
769	3560	
2151	2377	
2151	3684	
2151	3685	
2151	918	
2151	2692	
2151	3686	
3687	141	
1016	1960	
1016	587	
385	909	
385	386	
385	387	
385	388	
385	2348	
3023	28	
906	3688	
134	3689	
3690	758	
1875	1395	
3691	359	
3692	2775	
608	154	
608	338	
608	155	
608	156	
608	2816	
608	2925	
1514	1706	
2380	2381	
2380	2383	
2380	2384	
779	783	
3454	3259	
3454	3260	
673	630	
2270	2272	
438	1746	
438	1748	
438	439	
3693	141	
3694	411	
1261	1880	
3520	879	
3695	106	
742	746	
742	749	
3578	3586	
2417	497	
3594	20	
753	2886	
753	3202	
753	1501	
753	238	
753	1887	
753	17	
753	585	
753	1900	
753	1706	
753	1908	
32	33	
32	450	
32	371	
3657	3658	
3657	20	
2809	1395	
2745	238	
2958	661	
1932	1935	
1115	1116	
1115	497	
2886	542	
2886	2898	
2886	1900	
3696	661	
3697	106	
2107	2109	
441	3698	
441	3699	
441	3700	
441	594	
441	3701	
441	442	
441	3702	
454	660	
454	3378	
454	448	
454	1435	
454	449	
454	450	
454	451	
454	371	
3703	94	
3704	3650	
3704	106	
2940	1403	
1808	1809	
3705	2555	
3706	33	
3486	1578	
3707	1782	
218	2775	
218	2722	
218	1087	
218	2543	
218	3708	
218	3709	
1786	989	
2889	2890	
1371	1206	
1371	439	
39	643	
39	3710	
39	1768	
39	3711	
39	2827	
39	1771	
3233	394	
770	3560	
770	3564	
758	3712	
758	3713	
758	3714	
758	3715	
758	3716	
758	3717	
758	3718	
3719	492	
3720	73	
3202	2051	
3202	227	
1364	625	
1364	1365	
3721	2404	
3721	802	
2774	2777	
3722	3000	
879	139	
3723	920	
1374	98	
1374	2199	
3113	2320	
1537	1905	
3724	528	
3631	663	
427	3725	
427	3726	
427	3727	
427	3728	
427	3729	
427	3730	
427	2317	
427	3731	
3732	106	
3733	508	
15	17	
3734	526	
1176	238	
1176	17	
1176	1900	
1176	930	
643	644	
2637	2642	
1788	3419	
1788	1466	
2585	2599	
625	238	
625	1365	
625	1902	
625	1572	
1916	3735	
1916	1565	
2682	2147	
3736	2555	
96	3737	
96	3738	
508	3739	
508	3740	
508	3741	
508	3742	
508	3743	
508	1704	
508	2295	
508	1705	
508	3091	
508	2296	
508	3744	
508	3745	
3746	1565	
3346	989	
1933	1934	
1288	1289	
1288	3107	
1578	2261	
1578	2092	
1578	1646	
1578	3747	
1578	3748	
1578	2017	
3495	492	
3749	2133	
3000	3750	
3000	3751	
179	3752	
179	606	
3753	141	
2205	3754	
2205	2374	
2205	3229	
2800	237	
2800	20	
3370	3371	
3755	2691	
3756	141	
3757	3758	
3757	826	
3757	3759	
3757	1474	
3760	1388	
1974	1975	
1372	1206	
1372	439	
1434	661	
1434	3761	
1434	1435	
1434	1436	
1434	1593	
100	101	
1104	707	
1104	98	
1104	1107	
1104	61	
1104	46	
1104	359	
1104	101	
83	994	
83	930	
3762	359	
3763	2520	
3763	98	
1960	3764	
1960	1961	
3765	826	
660	661	
660	2283	
660	449	
660	450	
660	451	
660	662	
3766	1565	
3767	888	
237	1309	
237	239	
237	1310	
237	240	
237	20	
2364	2365	
2951	1596	
213	3768	
213	509	
517	197	
3769	2051	
3770	3229	
187	238	
187	1592	
187	175	
187	1594	
187	103	
187	523	
3771	2352	
3771	661	
3771	2353	
3772	448	
16	1890	
16	1180	
16	1913	
16	1968	
2081	411	
3216	773	
3216	2304	
2775	3622	
2775	3773	
2352	2353	
2352	1592	
3450	806	
3774	411	
1917	1565	
2408	2409	
2408	606	
2408	2410	
3082	3304	
3082	2508	
1715	1304	
3775	165	
253	243	
253	3546	
253	3776	
253	3645	
3777	3778	
3777	3779	
3777	1360	
3273	3274	
3001	1044	
3780	920	
3781	448	
1266	61	
3263	411	
2109	2115	
2109	2116	
861	2734	
861	2735	
3213	1627	
3213	439	
3083	3269	
3083	56	
312	103	
386	387	
386	388	
724	2178	
2990	661	
3782	2051	
1277	3783	
3784	2759	
2698	3785	
831	941	
831	492	
3786	497	
745	747	
1388	3787	
1388	1996	
1388	1389	
3788	1998	
2214	606	
3371	3374	
3789	1769	
574	576	
2092	1327	
1526	1527	
1526	1528	
1526	1529	
1526	53	
1526	54	
1526	1530	
491	2013	
491	3790	
3791	1565	
3792	3	
3372	1723	
3427	1309	
3427	18	
3427	239	
3427	1592	
3427	20	
3013	3014	
3793	3229	
3793	1650	
596	1985	
596	2068	
2988	2320	
2988	20	
3581	1180	
1168	411	
2341	3262	
3053	3669	
3053	165	
1746	439	
3794	20	
2746	2753	
2894	2898	
746	749	
746	750	
3795	388	
2473	3796	
173	433	
173	1395	
173	2093	
173	371	
173	176	
173	2647	
173	2289	
3642	3643	
3633	3672	
2804	33	
309	1439	
309	3797	
3798	167	
3621	3622	
238	661	
238	370	
238	17	
238	1592	
238	1900	
238	1901	
238	1189	
238	1902	
238	1594	
238	930	
238	1190	
238	1572	
3799	492	
3403	3404	
3629	2005	
3629	73	
2320	1098	
3354	3356	
1017	1019	
561	2343	
561	2024	
3800	2133	
3800	663	
661	2283	
661	3801	
661	2353	
661	2206	
661	3761	
661	3802	
661	1435	
661	455	
661	1436	
661	1592	
661	450	
661	3803	
661	3201	
661	1593	
661	2354	
661	1437	
661	492	
661	1908	
661	662	
661	663	
661	3804	
3805	445	
3114	3115	
3806	3229	
2490	2496	
2490	930	
1527	1529	
1527	53	
1527	1530	
2618	2621	
2618	46	
2801	20	
540	3229	
1883	871	
3807	20	
1074	497	
3808	616	
1415	1395	
1415	175	
1415	492	
1415	1594	
1415	1905	
3554	1166	
3599	1565	
188	20	
370	2354	
3809	411	
2177	2178	
2177	406	
3810	888	
888	93	
888	3811	
888	3812	
888	3813	
888	3601	
888	3814	
888	2530	
888	3815	
888	3816	
888	3817	
888	3818	
888	3819	
888	3820	
888	3821	
2342	2024	
3614	1731	
3614	3615	
3614	1623	
2283	450	
2283	2563	
2283	451	
3822	73	
2520	98	
2919	2925	
2634	3	
3823	197	
3824	1474	
3658	20	
3825	1517	
3825	411	
1696	881	
813	3826	
813	3827	
813	3828	
813	3829	
3830	3	
3267	3	
2381	2383	
2381	2384	
541	3229	
3582	882	
1998	3831	
1998	3832	
3833	1357	
1768	1771	
3331	3334	
3063	3425	
3063	141	
3063	3834	
473	477	
473	478	
473	486	
473	487	
329	138	
2110	2113	
3003	3835	
3836	141	
536	3243	
3436	711	
597	805	
709	3837	
709	1544	
1298	3456	
1298	1181	
1298	3457	
1298	2065	
3532	1107	
3532	3838	
2619	2620	
2619	2621	
2619	46	
674	675	
3839	3004	
618	1795	
2124	2036	
2124	1181	
2124	3091	
2124	127	
2124	1906	
2124	3477	
920	3840	
920	3461	
920	3841	
920	1757	
920	3842	
920	3843	
920	3844	
3715	1991	
3715	1190	
3236	394	
189	20	
3070	3	
2353	1592	
2353	175	
2353	1900	
2353	1908	
1747	439	
644	2827	
226	2722	
3845	243	
2310	1177	
2310	2311	
2310	2563	
2310	492	
2310	1988	
3455	3457	
3455	2065	
1984	1565	
1888	434	
2852	3007	
3590	197	
3342	33	
3342	3481	
294	304	
1591	1163	
1591	20	
3846	1565	
475	482	
3333	3194	
3847	141	
3652	616	
3571	805	
1889	388	
3848	20	
2206	662	
2761	3229	
33	34	
33	526	
33	2602	
33	3849	
33	3850	
33	3481	
33	371	
1309	18	
1309	239	
1309	1592	
1309	2861	
1309	20	
1309	175	
2133	1803	
2133	3586	
2133	3011	
3650	106	
476	482	
941	492	
3851	388	
3852	106	
1939	1057	
167	2043	
1116	371	
1116	1900	
1116	1117	
1116	492	
362	1403	
1004	1005	
1004	3853	
1004	3854	
1004	3364	
2302	3855	
2382	2383	
2382	2384	
196	197	
3856	445	
1669	197	
3378	448	
1158	1159	
1158	1160	
1035	2317	
3059	98	
3059	3060	
17	319	
17	320	
17	930	
3857	1474	
3258	3260	
789	2656	
3084	394	
197	3858	
197	3859	
197	3860	
197	3861	
477	478	
477	486	
2663	448	
3290	1909	
3290	3862	
3290	711	
1289	2848	
1289	3107	
2409	2410	
495	496	
495	497	
3863	106	
773	3864	
773	2607	
773	3075	
3812	3813	
2009	2820	
2009	2010	
2009	3149	
1159	1160	
3865	1357	
243	3866	
243	3867	
243	3868	
243	3869	
243	3870	
243	3776	
243	3645	
542	2036	
2	3	
2	1663	
1673	1674	
1673	1382	
2089	1019	
2383	2384	
478	487	
2897	1968	
2734	2735	
809	1576	
34	1592	
34	2712	
3269	1528	
1218	2192	
2078	2192	
3627	3007	
3039	3043	
1528	1529	
1528	1530	
2056	54	
2056	2057	
1985	94	
1985	3816	
1090	61	
3871	20	
3872	526	
2147	826	
2147	408	
2147	2149	
3873	1018	
3874	1627	
2013	2014	
651	3395	
651	28	
98	834	
98	3875	
98	3876	
98	3380	
98	3060	
98	2199	
448	3877	
448	449	
448	2664	
448	450	
448	1280	
448	451	
448	56	
448	1594	
448	3265	
3878	1357	
3878	406	
1394	492	
2639	2641	
2639	2642	
2639	2644	
3669	165	
3879	411	
3880	20	
411	3317	
411	3881	
411	1169	
411	3319	
411	2317	
411	3882	
411	3883	
411	3884	
411	2136	
411	2194	
3549	3885	
1892	3886	
3304	2508	
528	3887	
3779	3544	
3752	606	
18	239	
18	1592	
18	20	
1180	1901	
3888	2759	
3735	1565	
3735	2778	
3514	388	
3514	496	
526	7	
526	3889	
526	3890	
526	3891	
3892	141	
1138	1140	
2620	46	
3893	711	
3894	509	
3895	258	
3896	94	
1127	3897	
3898	445	
3899	616	
3899	106	
3900	511	
1398	3901	
1398	827	
3470	165	
3902	101	
3754	3229	
616	106	
3903	2065	
3536	3537	
3536	3540	
3536	3544	
3647	3491	
1435	450	
1435	451	
239	1592	
239	20	
239	175	
239	3904	
154	338	
154	155	
154	156	
154	2925	
2722	1087	
2722	2017	
2722	1596	
2722	1360	
3905	3563	
3905	73	
3461	1757	
338	2816	
338	3906	
3584	3573	
839	3907	
3908	711	
387	388	
148	149	
148	106	
3909	141	
3387	1474	
1529	53	
1529	1530	
296	297	
1579	73	
1395	2289	
1357	1484	
1357	1360	
1894	1900	
1894	1142	
3183	141	
394	3244	
394	395	
394	3246	
394	1716	
1057	1058	
1057	1360	
2602	3481	
1095	2508	
826	1474	
826	511	
826	408	
826	827	
2796	2152	
3877	1210	
992	998	
155	2921	
155	156	
449	450	
449	451	
1704	2136	
1704	3745	
3546	3547	
3644	106	
3229	1650	
3910	2051	
880	94	
880	881	
3601	3358	
1936	61	
3911	3576	
3912	3913	
1257	1699	
1592	175	
1592	1904	
1592	1416	
1592	523	
3914	1565	
3915	101	
382	3916	
382	383	
450	451	
450	2805	
450	371	
450	662	
450	663	
2848	1240	
606	3917	
3918	852	
3918	141	
917	918	
3359	3701	
1365	3919	
1731	3615	
1731	1623	
3901	827	
1106	1107	
3	2464	
3	3920	
3	3921	
3	3922	
1474	3923	
2355	492	
1107	3924	
1107	3838	
3925	492	
1794	1769	
2621	46	
3926	492	
3685	3686	
210	3927	
210	3928	
210	3078	
3563	73	
2311	2563	
2311	492	
1052	492	
405	406	
2568	3373	
511	408	
3929	101	
61	62	
61	3930	
3456	2065	
513	3931	
1563	1564	
136	3932	
3933	20	
2563	492	
2563	1416	
2563	2289	
2820	2010	
3108	2647	
3108	106	
3934	2759	
3498	802	
1565	3935	
1565	3032	
1565	3936	
1565	3683	
1565	3206	
2005	73	
872	492	
1310	20	
1310	190	
1310	2866	
3041	1259	
3937	827	
2691	2805	
2691	3938	
3939	388	
3886	388	
53	1530	
3940	3078	
2494	3153	
3615	1623	
2861	20	
2861	190	
395	1716	
174	497	
451	2805	
451	662	
388	3941	
388	3942	
388	2348	
3730	3731	
3943	73	
3944	822	
3944	2253	
3944	141	
1544	1098	
1544	2447	
1544	558	
3945	2065	
2569	728	
3946	20	
3946	191	
1344	1345	
54	2057	
54	37	
54	56	
54	58	
54	3947	
1770	3948	
1770	1771	
1705	1908	
1181	816	
2153	492	
1945	492	
2595	2598	
2641	2644	
3949	3363	
1995	3576	
2805	3938	
2805	662	
2178	406	
3950	141	
240	20	
240	2331	
3396	3398	
20	190	
20	56	
20	3951	
20	2765	
20	2082	
20	2866	
20	1633	
20	191	
20	1029	
20	2030	
20	3904	
20	3906	
20	543	
3814	3820	
94	881	
94	3952	
94	3953	
94	3954	
1593	3947	
1160	1161	
3955	1596	
3080	1988	
1128	2984	
190	523	
190	191	
3956	141	
3259	3260	
175	492	
175	1594	
175	522	
175	1572	
2126	127	
2093	492	
2093	1572	
26	27	
3957	1596	
3958	3622	
371	2647	
371	2289	
37	56	
1407	3543	
1623	1732	
1900	930	
1087	2543	
1087	138	
1087	558	
1087	3709	
3959	141	
1901	1594	
1901	1904	
1901	2277	
2703	2704	
3457	2065	
137	2825	
3960	439	
1698	2712	
2552	3961	
2051	2317	
56	2759	
359	3962	
359	677	
2922	2925	
2543	3708	
2543	3709	
2654	2655	
138	2317	
138	2043	
2317	3913	
1117	497	
1795	1791	
1189	492	
1189	1904	
492	3105	
492	1988	
492	3963	
492	3964	
492	3965	
492	3790	
492	3966	
492	3106	
1902	1907	
881	1001	
3967	101	
1904	2765	
3105	1988	
3105	2765	
1905	1909	
3928	3078	
3968	141	
3969	445	
3246	3248	
1416	3954	
3194	1650	
3750	3751	
822	2253	
822	141	
3970	802	
1748	439	
103	3971	
2396	406	
3972	101	
1909	711	
2838	2839	
149	106	
522	523	
3973	141	
852	141	
2065	3974	
2647	106	
106	3975	
106	3976	
258	3977	
3425	141	
558	2656	
496	497	
1675	1382	
2765	1190	
3975	3976	
1910	1190	
669	141	
3897	141	
165	3133	
2152	3155	
1360	406	
3366	3367	
3366	73	
802	3978	
1206	439	
3367	73	
141	3979	
141	3834	
141	2300	
141	3980	
2030	2348	
2816	2924	
3862	711	
73	3981	